$ 1 0.000005 14.235633750745258 50 5 43 5e-11
174 320 224 336 256 1 10000 0.44060000000000005 Resistance
w 320 224 288 224 0
R 144 192 96 192 0 1 60 1.65 1.65 0 0.5
R 224 336 176 336 0 2 40 1 1.65 0 0.5
w 320 336 288 336 0
174 320 336 336 368 1 10000 0.5 Resistance
R 256 448 208 448 0 3 40 1 1.65 0 0.5
w 320 448 288 448 0
174 320 448 336 480 1 10000 0.5 Resistance
R 256 560 208 560 0 6 40 0.5 1.65 0 0.5
w 320 560 288 560 0
174 320 560 336 592 1 10000 0.6584000000000001 Resistance
w 480 240 480 352 0
w 480 352 480 464 0
w 480 464 480 528 0
w 480 528 480 576 0
w 480 528 704 528 0
r 336 240 480 240 0 10000
r 336 352 480 352 0 10000
r 336 464 480 464 0 10000
r 336 576 480 576 0 10000
w 704 528 704 416 0
w 864 544 864 416 0
r 704 416 864 416 0 20000
207 704 560 656 560 4 VREF_1.65V
207 800 160 848 160 4 VREF_1.65V
R 800 160 800 112 0 0 40 1.65 0 0 0.5
207 320 256 272 256 4 VREF_1.65V
207 320 368 272 368 4 VREF_1.65V
207 320 480 272 480 4 VREF_1.65V
207 320 592 272 592 4 VREF_1.65V
a 704 544 864 544 8 3.3 0 1000000 1.65 1.65 100000
a 976 560 1136 560 8 3.3 0 1000000 1.65 1.65 100000
w 976 544 976 464 0
w 1136 464 1136 560 0
g 800 720 800 752 0 0
r 864 544 976 544 0 10000
207 976 576 928 576 4 VREF_1.65V
w 1136 560 1280 560 0
174 976 464 1136 432 1 10000 0.5198 Bus Gain
w 1056 432 1136 432 0
w 1136 432 1136 464 0
207 288 224 240 224 4 VREF_1.65V
o 38 16 0 4099 5 0.00009765625 0 2 38 3
