$ 1 0.000005 242.03481360272136 50 5 43 5e-11
a 960 448 1120 448 9 3.3 0 1000000 1.638761838060887 1.6933140852127428 100000
r 960 528 1120 528 0 100000
w 960 464 960 528 0
w 1120 448 1120 528 0
r 1120 448 1280 448 0 100
w 960 464 800 464 0
w 800 464 800 352 0
w 800 464 800 592 0
r 800 352 576 352 0 100000
r 800 592 576 592 0 100000
174 512 304 576 384 1 10000 0.49010000000000004 Resistance
R 416 320 352 320 0 0 40 3.3 0 0 0.5
d 208 592 208 528 2 default
d 208 640 208 592 2 default
g 208 640 208 656 0 0
R 208 528 240 528 0 0 40 3.3 0 0 0.5
w 1280 448 1328 448 0
R 144 592 80 592 0 1 40 1.65 1.65 0 0.5
403 1184 80 1456 240 0 7_64_0_4099_2.5_0.00009765625_-1_2_7_3
S 512 304 416 304 0 1 false 0 2
S 512 400 432 400 0 1 false 0 2
207 416 288 368 288 4 VREF_1.65V
207 960 432 912 432 4 VREF_1.65V
207 752 128 800 128 4 VREF_1.65V
R 528 128 480 128 0 0 40 3.3 0 0 0.5
r 528 128 592 128 0 100000
r 592 128 592 192 0 100000
g 592 192 592 208 0 0
w 320 496 320 384 0
c 656 128 656 160 0 0.00001 1.6933140968857612 0.001
c 720 128 720 160 0 1.0000000000000001e-7 1.6933140853294826 0.001
g 656 176 656 192 0 0
g 720 176 720 192 0 0
w 592 128 656 128 0
w 656 128 720 128 0
w 720 128 752 128 0
r 656 160 656 176 0 0.0001
r 720 160 720 176 0 0.0001
w 320 384 432 384 0
w 144 592 208 592 0
w 208 592 288 592 0
w 288 592 320 592 0
w 320 592 320 496 0
g 432 416 432 448 0 0
w 320 592 512 592 0
s 576 592 512 592 0 0 false
r 288 592 288 656 0 10000
g 288 656 288 672 0 0
o 17 64 0 4099 5 0.00078125 0 2 17 3
o 16 64 0 4355 5 0.00009765625 1 2 16 3
